exit_status=0
output=/private/tmp/p16-reproduction-check-298
binary_sha256=298abf0e1a02ba698367ef73c50b5347da737edac35d9456b76badda52b428ee
output_SHA256SUMS_sha256=d142c15711ac7dab2e55a2ed2a4be5b8bef7bb0649ea2ca18792afad952e511b
output_gate_summary_sha256=514ba3ef3d93d150a82686095a847a382b5e0fbc922cc616190bc2a619a0780c
output_screen_summary_sha256=22319c52cb8c586e83634e22b86b90748c89032cd58d1d985ef1587dd2439e15
project_exact=246/246
pinned_c_exact=246/246
compact_encode_delta_pct=+81.406445
compact_per_image_regressions=40/41
low_latency_encode_delta_pct=-48.003431
low_latency_per_image_regressions=0/41
formal_102x5_run=false
decision=reject-screen
